Id,Prediction
1022,1
302,0
577,0
342,0
1807,1
413,0
534,0
1059,1
894,1
394,0
1011,0
1580,1
1809,0
1224,0
1375,0
1195,0
1286,0
907,1
1408,1
635,1
1201,0
782,1
201,0
1639,0
268,0
1682,1
1320,1
1716,1
1052,1
1181,0
581,1
473,1
196,0
211,0
1593,1
471,0
187,0
1348,0
164,1
1279,0
1464,1
1623,1
399,0
89,1
278,0
1725,1
311,1
762,0
834,1
1419,1
532,1
647,1
760,1
15,0
83,1
56,0
424,1
1063,1
874,0
1530,1
765,0
870,1
475,1
1548,1
1813,0
29,1
791,0
1706,1
1227,0
343,1
96,1
898,0
1332,0
1291,0
1559,1
1058,1
692,0
28,1
1205,1
1527,1
813,0
1329,1
1077,0
1233,1
358,1
1325,1
1560,1
966,1
1114,0
1610,0
572,1
85,1
639,0
192,1
217,1
357,1
1190,1
1672,0
17,1
265,1
600,0
506,0
48,1
452,1
1435,1
437,1
331,1
1127,1
1551,1
119,1
694,1
1094,0
398,1
921,1
755,1
498,1
1061,0
516,0
74,1
1180,1
453,1
1794,0
1231,1
405,0
433,1
274,0
1637,0
1793,1
544,1
796,0
1154,0
320,0
97,1
852,0
1086,1
1721,0
1583,1
1579,1
1712,0
931,1
773,1
972,1
940,1
502,1
284,1
1169,1
1627,0
188,0
455,0
371,1
1081,0
123,0
1112,0
817,0
1089,1
349,1
373,1
285,1
367,1
926,0
1535,0
1138,1
1492,1
1491,1
1047,1
504,1
67,1
1679,0
1420,1
1276,0
695,0
1278,1
1394,1
1373,1
1726,0
1547,1
943,0
979,1
1275,0
1362,1
386,1
42,0
409,1
1578,0
580,0
882,0
1211,0
753,1
1078,1
1250,0
60,0
1632,1
468,0
1724,1
707,1
696,1
432,0
964,1
200,1
1801,0
727,1
1206,1
1386,0
14,1
933,0
1148,1
913,1
1788,1
511,1
844,1
189,1
1553,1
787,1
1556,0
1230,1
1042,1
1130,0
1326,1
1060,1
505,0
431,1
375,1
335,1
1327,0
1827,0
1015,1
1516,1
1454,1
412,1
321,0
725,1
106,0
1601,1
1352,1
1306,1
562,1
624,0
1744,0
1165,1
869,0
1108,1
551,1
1483,0
920,0
20,0
596,1
327,0
570,1
1309,1
687,1
84,0
1018,0
571,0
936,0
1151,0
1281,1
935,1
674,0
814,0
393,0
715,1
1613,0
363,0
216,1
878,0
488,1
1463,1
650,1
128,1
1067,0
183,0
835,1
1521,0
1549,1
703,1
981,0
879,1
92,0
863,1
1736,1
234,0
973,1
1524,0
743,1
1226,0
1153,1
595,0
1489,0
1307,0
669,0
26,1
1312,0
1369,1
1045,1
344,1
1479,0
163,1
1262,0
1354,1
1383,1
1076,0
1824,0
748,1
1125,1
319,0
485,1
1729,1
644,1
524,1
310,0
685,0
1254,1
993,0
902,1
598,0
33,1
63,1
1198,1
1210,0
1659,1
910,0
1425,0
923,0
430,1
1562,1
1340,1
846,0
826,0
1718,0
806,1
1821,0
896,0
831,0
1785,0
52,0
91,0
886,0
955,0
1322,1
691,1
487,0
649,1
94,1
1765,1
594,1
839,1
1238,1
1537,0
1283,1
190,0
824,0
1761,0
464,1
288,1
1769,1
932,1
356,1
645,1
661,1
1678,0
307,0
683,0
1427,1
109,1
1561,0
68,0
9,1
561,1
76,1
1368,1
215,0
1675,0
1452,1
470,1
469,1
889,1
909,0
384,1
1680,1
1252,1
263,0
12,0
1786,0
337,0
1392,1
1142,0
1311,0
1595,1
1778,1
1543,0
1333,1
1694,0
1080,1
975,0
542,0
671,0
65,1
1382,1
751,1
113,1
1616,1
1739,0
148,1
417,1
238,1
49,1
1257,1
541,1
559,1
1455,1
804,1
81,1
752,1
957,0
1137,1
450,0
47,0
227,0
254,1
1141,0
1526,1
218,1
1647,0
482,0
380,1
1416,0
1150,0
971,0
942,0
150,1
1486,1
592,0
325,0
1780,1
922,0
1170,0
530,0
1421,0
1232,0
655,1
1571,0
1298,0
305,0
1500,0
1197,1
1588,1
1038,1
1697,1
517,0
1204,1
486,1
1240,1
370,1
1177,0
1203,0
462,0
27,0
323,1
1140,0
1487,1
34,1
1305,1
66,1
435,1
1235,0
1603,0
280,0
1344,1
1768,1
781,0
701,1
867,1
322,1
126,1
749,1
361,1
1664,0
520,0
1539,0
1219,1
59,0
1450,1
1717,0
1507,0
1159,0
1367,1
1475,0
388,1
23,1
1656,1
590,1
689,1
1021,0
491,0
899,1
1576,0
1246,1
557,1
1426,0
127,1
1385,0
1532,0
1818,1
1256,1
21,1
364,1
856,1
372,1
1569,1
173,0
133,1
79,1
1277,1
1542,1
390,0
794,1
385,0
536,1
961,0
1728,1
239,0
1691,0
300,0
359,1
1280,0
514,1
167,1
2,1
549,1
1776,0
298,0
1313,1
1469,1
651,1
1350,1
1669,1
523,1
1555,1
792,1
122,1
1342,1
1236,1
1581,1
1513,1
1347,0
1550,1
1245,1
1166,0
847,0
1604,1
151,1
540,0
989,1
1026,1
690,1
1071,1
521,1
140,1
1364,1
261,0
688,1
591,1
404,1
315,0
641,0
1282,0
704,0
1030,1
466,1
1341,1
147,0
1533,1
599,0
891,1
678,1
1625,1
531,1
441,1
705,1
702,1
550,0
948,1
425,0
1173,0
1371,0
904,0
1023,1
1315,0
1422,1
1704,0
1079,0
225,1
1701,1
1121,1
459,1
1819,1
1308,0
919,1
301,1
210,0
75,1
713,0
576,0
525,0
1370,0
766,1
1122,0
1441,0
914,1
314,0
1823,1
1409,1
1641,1
1734,0
758,0
775,0
1324,0
754,0
700,0
883,0
1764,1
738,1
897,0
209,1
866,1
1612,1
860,1
1545,0
1750,0
890,1
611,1
885,0
1378,1
601,1
1439,1
1395,1
158,0
1428,0
108,0
1120,1
1119,0
277,0
1358,1
1361,1
1476,1
1567,0
634,1
118,0
1743,1
1592,0
1490,1
11,1
513,1
93,1
369,1
1189,1
924,0
1223,1
25,0
381,0
627,0
224,1
851,1
1126,1
676,1
428,1
1225,1
1006,1
1083,1
991,1
99,0
231,1
383,1
144,1
1683,0
610,0
1404,1
422,0
946,0
848,1
668,1
618,1
171,0
1470,1
746,1
1402,1
1670,1
228,0
996,1
1453,0
62,1
332,1
1715,0
1690,0
1044,1
1732,0
1509,1
777,1
1770,1
1607,1
1506,1
673,0
568,1
854,0
1091,1
900,0
1272,0
1763,0
830,1
1782,1
1010,0
165,0
1615,1
1316,0
706,1
1266,1
829,0
134,0
1512,0
1511,0
1529,1
1069,1
1013,1
1741,0
481,1
1050,1
253,0
1731,0
480,1
708,1
1466,1
461,1
160,1
1531,1
1092,1
297,0
776,0
1515,1
959,1
1220,1
808,1
204,1
1650,0
1357,1
735,0
82,1
558,0
1568,0
1631,0
1753,1
178,1
184,1
54,0
1128,0
1212,0
1749,0
1285,1
1783,0
101,0
1573,1
640,1
629,0
857,0
732,1
739,0
1027,1
1397,1
1229,1
1590,0
1752,1
816,1
811,0
244,0
355,1
810,1
1303,1
379,1
560,1
1431,1
1088,1
1103,1
881,1
1671,1
229,1
1401,0
293,1
396,0
1707,1
1676,1
1101,1
555,1
324,1
1147,0
1460,1
1606,1
1260,0
1113,0
1331,1
720,1
416,0
50,1
232,0
1302,0
496,1
876,1
1520,1
1810,0
252,0
219,1
1040,1
1797,1
350,1
745,0
974,1
892,0
769,1
1057,1
1599,0
1193,1
684,0
1164,1
1115,0
1708,1
686,0
642,1
887,0
1622,0
1655,1
1025,1
1393,0
728,0
30,0
292,0
1171,1
447,1
460,0
1107,0
944,0
8,1
628,0
3,1
873,1
71,1
477,1
659,1
378,1
646,0
1405,0
1654,0
947,1
783,0
657,0
613,0
1389,1
35,1
799,1
1183,1
586,1
1817,1
1787,1
764,1
1619,1
1129,0
822,1
950,1
1111,1
4,0
1702,0
1273,1
1310,1
1771,0
827,1
281,1
546,1
1255,1
805,1
1024,0
990,0
756,0
1447,1
1528,1
1105,1
833,0
1638,1
304,1
838,1
937,0
1754,0
722,1
554,0
423,0
573,1
566,0
1711,1
785,1
1636,1
1191,1
1001,1
1445,1
1043,0
1700,1
859,0
197,0
135,1
176,1
938,0
1222,1
1065,1
1345,0
954,0
1143,1
1538,1
1684,1
1288,1
987,1
168,1
670,1
1192,1
58,1
519,1
338,0
693,0
1596,0
607,1
166,1
837,0
843,0
448,1
37,1
583,0
434,0
156,0
1156,1
282,1
339,0
698,1
723,1
1766,1
1461,1
1432,1
1465,1
612,1
1493,1
1742,1
877,0
744,1
1584,1
136,1
1019,1
1458,0
1268,1
1334,1
61,1
317,0
1808,1
1323,0
1495,0
456,0
212,1
1036,1
333,0
1221,0
584,0
493,1
291,1
992,0
1406,1
1064,1
636,0
1437,1
443,1
226,0
73,0
1200,0
1328,1
1104,1
1784,1
734,1
247,0
958,0
716,1
1640,1
652,0
819,1
1363,1
395,0
1410,0
1051,1
895,1
1355,0
643,1
648,1
330,1
1554,1
714,1
1826,1
538,0
1462,1
1014,1
1442,0
941,1
780,0
1667,1
908,1
1216,1
800,0
768,1
57,0
1237,0
414,0
208,1
772,1
912,0
1337,0
871,0
1304,1
1820,1
1472,0
934,1
366,1
262,1
606,1
1468,0
407,0
207,0
286,0
318,1
1628,0
1418,1
105,0
195,0
53,1
675,1
32,0
1074,1
1587,0
400,1
585,0
1338,0
368,0
1651,1
1446,0
88,1
901,0
474,1
757,0
767,0
415,0
1218,0
312,1
243,0
1321,1
1644,1
614,1
603,1
578,1
928,0
1274,0
507,1
1737,0
1374,1
1184,1
564,1
1696,1
1755,1
1789,0
1265,0
1046,1
1070,1
191,1
1692,1
1096,1
1356,1
1747,1
660,0
40,0
1591,0
679,1
1403,0
264,1
836,1
956,1
802,0
1497,0
918,1
157,1
575,1
1259,0
1387,1
1811,1
1624,0
1689,0
512,1
1816,1
1758,1
988,1
445,0
832,1
309,1
1648,0
138,1
1756,1
658,0
299,1
1116,1
1290,0
1662,0
1484,0
1800,1
1663,0
1740,1
1054,0
724,1
983,0
616,0
1117,0
1162,0
801,0
1380,0
736,0
1525,1
193,0
977,1
1261,1
199,1
1443,1
888,1
861,1
509,1
1174,1
145,1
267,1
1552,1
1004,1
1658,0
842,1
609,0
1482,1
1417,1
855,1
999,1
362,1
1066,0
529,0
186,0
508,1
36,1
45,1
1360,1
162,1
1645,1
630,1
279,0
1202,0
841,1
316,0
1351,0
1400,1
1665,1
809,1
563,1
663,0
953,0
16,1
1457,1
1575,0
1007,1
1709,0
718,1
1611,1
1185,1
1518,1
1377,1
269,1
1635,0
1812,0
19,0
1510,0
1660,0
569,1
731,1
206,0
273,0
120,0
619,1
631,1
1698,1
1618,1
259,1
862,1
116,1
1499,0
43,1
1182,1
334,1
483,1
1467,0
1090,1
387,1
1243,1
697,0
1297,1
1214,1
1215,0
72,0
194,1
1132,1
865,0
1722,1
1478,1
22,1
1653,1
121,1
451,1
1674,1
737,1
535,1
203,1
632,0
220,0
1366,1
984,1
1144,1
411,0
905,1
345,1
965,1
1629,1
1781,0
666,1
1519,0
103,1
1033,0
1208,1
1815,1
7,0
500,0
1295,0
1430,0
1705,1
1293,0
1608,1
903,1
1157,1
446,1
995,1
963,1
1160,1
1796,1
233,1
1247,1
998,0
235,0
497,1
622,1
779,1
1133,1
77,1
1757,1
741,1
1398,0
1522,0
1244,1
711,1
1123,0
553,1
222,1
1730,1
1056,1
778,0
1317,1
1087,1
1735,0
1760,1
1703,0
1149,1
408,0
402,1
518,1
1136,0
1541,1
916,1
177,0
982,1
283,1
945,1
465,0
1031,1
1617,1
1440,1
1029,1
1688,1
1118,1
1594,1
1152,1
353,1
623,1
454,1
182,1
638,1
985,1
952,0
1085,0
1124,0
604,1
654,0
70,0
1695,1
589,0
125,0
1381,0
537,0
1336,1
139,0
1388,1
313,1
615,0
429,1
69,1
1269,1
1687,1
543,0
742,1
1318,1
653,0
1196,1
392,0
365,0
1100,0
1292,1
348,0
376,1
949,0
1075,1
1745,1
255,1
236,1
175,0
153,1
1473,1
587,1
1727,1
759,0
213,1
710,1
1564,0
1589,1
1413,1
1000,1
1779,0
858,0
5,1
1646,1
967,1
1163,1
986,0
1194,1
240,1
39,1
64,1
1626,0
80,1
1566,1
1423,0
1488,1
1384,1
242,1
730,1
444,1
1643,0
1251,0
114,0
266,0
484,1
930,1
472,0
1335,1
656,1
951,0
1264,1
1028,1
1600,0
709,0
1791,1
1693,1
107,1
527,0
78,1
1146,1
1372,0
770,1
565,1
1802,1
820,1
818,1
771,1
588,0
418,0
458,1
296,0
246,0
51,1
1685,0
807,0
336,1
421,0
1602,1
130,0
625,1
1178,1
436,1
803,1
548,1
100,1
849,0
1253,1
1502,1
788,1
719,0
1258,0
1012,0
258,0
1032,1
510,1
1294,1
1289,0
1330,1
1474,1
1068,1
457,0
6,0
351,1
1762,1
1339,1
815,1
391,1
1041,1
1673,0
406,0
180,0
1365,1
494,0
812,0
626,1
1424,0
221,1
620,1
1034,0
1110,0
290,0
925,0
230,1
382,0
1582,0
1822,1
490,1
997,1
872,0
205,1
1062,0
289,1
917,1
1242,1
237,1
1485,1
915,0
929,1
174,1
1649,1
250,1
1172,1
272,1
1501,0
463,0
1299,0
1448,1
1494,0
1039,1
1825,1
980,1
1349,1
662,1
1095,0
608,0
793,0
1346,0
1376,1
241,1
341,1
1751,1
132,1
328,1
1270,1
129,0
1175,0
677,1
152,1
223,1
821,0
747,1
124,1
1314,0
1048,0
1319,1
1390,1
303,1
1798,0
1799,0
1008,1
1563,0
1284,1
1158,1
1505,1
927,0
717,0
41,1
271,1
1037,1
1228,1
1777,0
111,0
617,1
939,0
1248,1
499,1
377,1
1396,1
426,0
449,1
44,0
476,1
1239,1
1217,0
978,1
1804,1
1438,1
503,0
664,0
155,1
828,1
1792,1
1498,0
440,1
1642,0
275,1
681,1
478,1
294,0
306,0
501,0
1775,1
479,0
665,0
729,1
198,1
354,1
633,0
1471,0
1795,0
1585,1
1605,0
352,0
276,1
1134,0
1053,0
308,1
1481,1
823,0
1187,1
420,0
597,1
467,1
1082,0
1176,0
95,0
1415,1
154,1
1666,0
1803,0
884,0
1003,1
1681,1
102,0
1016,0
789,1
726,1
567,0
1609,0
1514,0
149,1
1504,1
185,1
360,1
552,1
960,0
1459,1
976,1
495,1
1168,1
287,1
1634,0
621,1
733,1
257,1
410,1
533,1
1249,1
1161,0
875,1
1714,1
112,1
868,1
672,1
1748,0
347,1
853,1
1135,1
249,0
1773,0
790,1
721,1
1300,1
1536,1
602,0
1179,0
340,0
245,0
968,1
1391,1
104,0
1399,1
10,1
761,1
1633,0
248,1
115,1
86,1
1652,1
786,0
712,1
515,0
1517,0
1738,0
159,1
528,1
1657,1
526,1
795,1
825,0
1723,0
593,1
750,0
1477,1
346,1
1733,1
797,1
522,0
260,0
161,1
699,0
667,0
1598,1
1699,0
840,0
1433,1
401,1
1072,1
637,1
1496,1
1434,0
419,0
1131,1
556,0
547,1
970,1
389,0
1139,1
24,1
1407,1
1287,1
1577,1
1565,0
1296,1
46,0
1207,0
1449,1
1234,1
1429,1
545,1
1540,1
1093,1
1017,0
1544,1
1084,0
1073,0
1106,0
1267,0
784,0
1199,1
38,1
31,1
1188,0
911,1
1241,1
1772,1
172,1
169,1
1002,0
1806,1
1621,1
1099,1
1055,0
137,1
179,1
1097,1
1353,0
1557,0
18,1
489,1
1049,0
1145,1
1412,0
1480,1
1614,1
13,0
1805,1
1767,1
214,1
403,1
55,1
1814,0
1713,1
295,0
1414,1
962,0
1109,0
1661,1
1720,1
397,1
1098,1
1546,0
1620,1
1456,1
141,1
605,0
798,1
1451,1
893,0
1686,0
880,0
1719,0
1102,0
1301,0
1155,0
1009,1
740,0
492,1
1508,1
1774,1
1263,1
1630,1
90,0
1790,1
1343,1
1534,0
1586,1
1213,0
1411,1
1005,1
1503,1
1570,0
845,0
1,1
251,0
574,0
969,1
439,1
579,1
994,1
680,1
1379,0
256,1
98,0
1020,0
202,1
143,0
270,0
1035,0
1209,1
906,1
774,1
1558,1
427,1
682,1
170,1
142,0
1444,1
1668,1
1759,1
181,1
87,1
110,0
1359,0
1167,0
763,0
117,1
1271,1
1710,1
1574,0
582,1
539,1
326,0
146,0
1572,0
131,1
1677,1
1746,0
438,0
374,1
864,1
1436,1
1597,1
442,0
1523,1
850,1
329,0
1186,1